8 0.441016 0.590198 0.058594 0.079249
5 0.339453 0.639729 0.060156 0.074035
9 0.642188 0.771637 0.073438 0.104275
2 0.518359 0.344108 0.044531 0.041710
4 0.540234 0.482273 0.049219 0.059437
0 0.481250 0.778415 0.076563 0.107404
7 0.344531 0.796142 0.076563 0.107404
1 0.653906 0.475495 0.057813 0.064651
10 0.522266 0.324296 0.092969 0.133472
10 0.664453 0.461418 0.097656 0.132430
10 0.546484 0.461418 0.094531 0.134515
10 0.438281 0.572471 0.095312 0.129301
10 0.326172 0.626173 0.099219 0.126173
10 0.653906 0.776330 0.109375 0.144943
10 0.477734 0.779979 0.119531 0.154327
10 0.331250 0.797185 0.118750 0.159541
