8 0.565234 0.734098 0.067969 0.095933
5 0.674219 0.806569 0.065625 0.094891
7 0.767578 0.661105 0.060156 0.087591
4 0.424609 0.708029 0.072656 0.100104
9 0.539062 0.379041 0.064062 0.071950
2 0.346484 0.846715 0.071094 0.104275
1 0.339062 0.584984 0.064062 0.085506
0 0.653516 0.534932 0.063281 0.079249
10 0.542188 0.357143 0.104688 0.159541
10 0.672266 0.515641 0.117969 0.163712
10 0.787109 0.650678 0.138281 0.160584
10 0.687891 0.813347 0.108594 0.154327
10 0.571875 0.736705 0.109375 0.157456
10 0.416406 0.706465 0.104688 0.149114
10 0.323047 0.574557 0.108594 0.137643
10 0.333594 0.855057 0.114062 0.152242
