8 0.665234 0.564129 0.061719 0.079249
4 0.546094 0.659541 0.057813 0.082377
5 0.779687 0.529718 0.071875 0.091762
2 0.551953 0.821168 0.053906 0.078206
0 0.632031 0.335245 0.073438 0.084463
9 0.476172 0.324296 0.053906 0.072993
1 0.430859 0.639729 0.044531 0.071950
7 0.773828 0.335245 0.083594 0.088634
10 0.467578 0.304484 0.110156 0.156413
10 0.628125 0.312304 0.118750 0.153285
10 0.776953 0.310740 0.127344 0.166840
10 0.785547 0.520334 0.114844 0.139729
10 0.661719 0.552659 0.101562 0.135558
10 0.533984 0.656934 0.094531 0.137643
10 0.412500 0.635036 0.101562 0.129301
10 0.540234 0.832638 0.108594 0.140772
