8 0.530078 0.712200 0.071094 0.098019
2 0.299219 0.755474 0.060937 0.096976
5 0.622656 0.815433 0.067187 0.087591
7 0.730469 0.688738 0.062500 0.088634
4 0.398047 0.646507 0.064844 0.091762
9 0.557813 0.351929 0.064062 0.061522
0 0.643359 0.534932 0.061719 0.081335
1 0.336719 0.503650 0.057813 0.072993
10 0.326172 0.488530 0.111719 0.138686
10 0.557422 0.336288 0.108594 0.174140
10 0.653516 0.513556 0.117969 0.155370
10 0.754687 0.677789 0.121875 0.164755
10 0.631250 0.818561 0.114062 0.158498
10 0.530469 0.702815 0.104688 0.139729
10 0.386719 0.625652 0.096875 0.135558
10 0.284766 0.747654 0.114844 0.152242
