4 0.596875 0.611053 0.060937 0.083420
2 0.717969 0.604797 0.053125 0.077164
0 0.364844 0.442649 0.071875 0.084463
5 0.509766 0.309176 0.057031 0.055266
7 0.377734 0.267466 0.063281 0.061522
9 0.335938 0.665276 0.068750 0.102190
1 0.583203 0.782586 0.058594 0.082377
8 0.527734 0.451512 0.055469 0.066736
10 0.369531 0.249218 0.114062 0.171011
10 0.507422 0.290407 0.100781 0.151199
10 0.531641 0.431178 0.099219 0.142857
10 0.608984 0.598540 0.107031 0.143900
10 0.736328 0.594369 0.113281 0.150156
10 0.591406 0.783629 0.110937 0.157456
10 0.318359 0.653806 0.133594 0.162669
