8 0.509375 0.599062 0.056250 0.074035
7 0.607812 0.805527 0.073438 0.101147
2 0.387891 0.373827 0.058594 0.061522
5 0.489063 0.745568 0.071875 0.093848
1 0.550781 0.295099 0.050000 0.047967
9 0.739453 0.458290 0.055469 0.071950
4 0.492188 0.422836 0.065625 0.069864
0 0.666406 0.638165 0.070312 0.093848
10 0.552734 0.274244 0.096094 0.143900
10 0.760156 0.437435 0.120313 0.167883
10 0.492578 0.406674 0.097656 0.137643
10 0.379297 0.357664 0.099219 0.133472
10 0.505859 0.584984 0.102344 0.129301
10 0.679688 0.626694 0.117188 0.143900
10 0.615625 0.809176 0.107813 0.160584
10 0.482031 0.744526 0.104688 0.143900
